NAME	= Cuenca_canete
DESCRIPTION	= 
UNIT	= 
DATAFORMAT	= FLOAT
DATAFILE_OFFSET	= 0
BYTEORDER_BIG	= FALSE
TOPTOBOTTOM	= FALSE
POSITION_XMIN	= 336905.9964933304581791
POSITION_YMIN	= 8532733.2692645452916622
CELLCOUNT_X	= 1289
CELLCOUNT_Y	= 1704
CELLSIZE	= 87.8000000000000114
Z_FACTOR	= 1.000000
Z_OFFSET	= 0.000000
NODATA_VALUE	= 0.000000;0.000000
